receptor = /gendock/receptor_files/6lu7.pdbqt
center_x = 0.00000
size_x = 30.00000
center_y = 0.00000
size_y = 30.00000
center_z = 0.00000
size_z = 30.00000
exhaustiveness = 8
