receptor = /gendock/receptor_files/6lu7_GC7jV27.pdbqt
center_x = -11.50000
size_x = 30.00000
center_y = 11.00000
size_y = 30.00000
center_z = 62.50000
size_z = 30.00000
exhaustiveness = 8
